param d :=
1	1500
2	2750
3	3000
4	1000
5	1500
6	1870
7	1900
8	2100
9	5000
10	2700;

param s :=
1	2000
2	1800
3	2700
4	1000
5	1800
6	4500
7	1500
8	1800
9	3000
10	2700
11	800
12	500
13	1650
14	2500
15	3500;

param c :=
1	23400
2	15100
3	11600
4	20500
5	11900
6	15000
7	10000
8	15000
9	18000
10	15000
11	16000
12	12000
13	24000
14	11000
15	12000;

param a :=
1	0.003258845
2	0.005574018
3	0.002336901
4	0.004123121
5	0.003577574
6	0.004313531
7	0.001207983
8	0.006231686
9	0.00248127
10	0.00556109
11	0.006120413
12	0.001456109
13	0.00277455
14	0.003467631
15	0.003579123;

param q :=
1	400
2	300
3	540
4	150
5	300
6	750
7	250
8	360
9	500
10	450
11	130
12	80
13	275
14	500
15	700;

param t :=
1	1	12.4
2	1	28.7
3	1	21.4
4	1	22
5	1	17.3
6	1	32
7	1	29.9
8	1	23.4
9	1	33.6
10	1	22.5
11	1	35
12	1	10.3
13	1	17.1
14	1	27.3
15	1	19.5
1	2	22.9
2	2	27.5
3	2	27.4
4	2	28.4
5	2	15.6
6	2	33.7
7	2	19
8	2	31.1
9	2	31.7
10	2	29.8
11	2	26.2
12	2	19.6
13	2	30
14	2	30.7
15	2	13
1	3	10.1
2	3	21.6
3	3	30.5
4	3	33.7
5	3	27.7
6	3	31.6
7	3	16.9
8	3	34.9
9	3	25.3
10	3	20.8
11	3	16.8
12	3	16.9
13	3	24.7
14	3	18.4
15	3	24
1	4	30.3
2	4	29.3
3	4	26.5
4	4	31.7
5	4	33.5
6	4	18.6
7	4	15.1
8	4	13.2
9	4	19
10	4	27.5
11	4	25
12	4	29.9
13	4	25.4
14	4	14.7
15	4	10.9
1	5	20.6
2	5	25.5
3	5	23.7
4	5	23.4
5	5	18.4
6	5	24.2
7	5	18.6
8	5	27.2
9	5	26.7
10	5	15.2
11	5	32
12	5	13.2
13	5	19.9
14	5	11.9
15	5	33.8
1	6	23.9
2	6	11.8
3	6	27.1
4	6	25.9
5	6	30.8
6	6	23.7
7	6	30.3
8	6	14.3
9	6	17.7
10	6	13
11	6	31.5
12	6	18.1
13	6	19.9
14	6	30.5
15	6	30.3
1	7	24.3
2	7	19.8
3	7	11.2
4	7	17.5
5	7	20.1
6	7	11.9
7	7	30.9
8	7	27.4
9	7	10.5
10	7	18.1
11	7	35
12	7	15.3
13	7	21.7
14	7	21.2
15	7	24.1
1	8	28.1
2	8	17.8
3	8	31.8
4	8	17.9
5	8	16.5
6	8	17.7
7	8	20.8
8	8	29.7
9	8	32.7
10	8	28.9
11	8	21.4
12	8	15.3
13	8	17.2
14	8	32.9
15	8	33.8
1	9	15.5
2	9	15.1
3	9	17.1
4	9	20
5	9	12.5
6	9	30.6
7	9	19.5
8	9	23.4
9	9	31.8
10	9	10.9
11	9	33.3
12	9	34.8
13	9	32.1
14	9	15
15	9	23.1
1	10	33.1
2	10	14.3
3	10	34
4	10	14
5	10	15.5
6	10	18
7	10	31.9
8	10	34.9
9	10	21.5
10	10	15.1
11	10	17.3
12	10	15.8
13	10	18.3
14	10	27.8
15	10	19.8;







